109 248
0 1
1 0
1 2
2 1
2 3
3 2
3 4
4 3
4 5
5 4
5 6
6 5
6 7
7 6
7 8
7 56
7 57
7 67
7 68
8 7
8 9
8 87
8 88
9 8
9 10
9 57
9 10
9 77
9 78
10 9
10 11
10 9
10 58
11 10
11 12
11 100
11 101
12 11
12 13
12 45
12 46
13 12
13 14
14 13
14 15
15 14
15 16
16 15
16 17
17 16
17 18
18 17
18 19
19 18
20 21
21 20
21 22
22 21
22 23
23 22
23 24
24 23
24 25
25 24
25 26
26 25
26 27
27 26
27 28
28 27
28 29
29 28
29 61
30 31
31 30
31 32
32 31
32 33
32 104
32 105
33 32
33 34
34 33
34 35
35 34
35 36
36 35
36 37
37 36
37 38
37 98
38 37
38 39
39 38
39 40
40 39
40 41
40 98
40 99
41 40
41 42
42 41
42 43
42 68
42 69
43 42
43 44
43 89
43 90
44 43
44 45
44 78
44 79
45 44
45 12
46 12
46 47
47 46
47 48
48 47
48 49
49 48
49 50
50 49
50 51
51 50
51 52
52 51
52 53
53 52
53 54
54 53
55 56
56 55
56 7
57 7
57 9
58 10
58 59
59 58
59 60
60 59
60 61
61 60
61 29
62 63
63 62
63 64
64 63
64 65
65 64
65 66
66 65
66 67
67 66
67 7
67 75
67 76
68 7
68 42
68 99
68 88
69 42
69 70
69 90
69 91
70 69
70 71
70 108
70 80
71 70
71 72
72 71
72 73
73 72
74 75
75 74
75 67
76 67
76 77
76 86
76 87
77 76
77 9
78 9
78 44
78 88
78 100
79 44
79 80
80 79
80 81
80 70
81 80
81 82
82 81
82 83
83 82
83 84
84 83
85 86
86 85
86 76
87 76
87 8
88 8
88 89
88 68
88 78
89 88
89 43
90 43
90 69
91 69
91 92
92 91
92 93
93 92
93 94
93 107
93 108
94 93
94 95
95 94
95 96
96 95
96 97
97 96
98 37
98 40
99 40
99 68
100 78
100 11
101 11
102 103
103 102
103 104
104 103
104 32
105 32
105 106
106 105
106 107
107 106
107 93
108 93
108 70
